start=87.431388
sub-delay=0.100000
